start 2.987052554538119 20 conditioned pairs
minimal conditioned pairs: [((1, 1), (1, 2)), ((2, 3), (2, 5)), ((2, 5), (3, 4)), ((2, 5), (4, 5)), ((2, 5), (5, 6)), ((2, 5), (5, 8)), ((3, 4), (4, 5)), ((4, 5), (5, 8)), ((5, 6), (5, 8)), ((5, 6), (6, 7)), ((5, 8), (6, 7)), ((5, 8), (7, 8)), ((6, 7), (7, 8)), ((7, 8), (8, 9))]
min sum lambda 2.9998131310557774
lambda: [((2, 3), (3, 4), np.float64(0.0117)), ((2, 5), (4, 5), np.float64(1.9641)), ((3, 4), (2, 5), np.float64(1.024))]
   ('SW', ((1, 1), (1, 2)), ((8, 9), (9, 9))) 2.753
   ('SW', ((2, 3), (2, 5)), ((5, 8), (6, 7))) 1.853
   ('SW', ((2, 5), (3, 4)), ((5, 6), (6, 7))) 1.7865
   ('SW', ((1, 1), (1, 2)), ((2, 3), (2, 5))) 1.4081
   ('SW', ((1, 1), (1, 2)), ((2, 5), (4, 5))) 0.9441
   ('SW', ((2, 5), (4, 5)), ((1, 1), (1, 2))) 0.9441
   ('SW', ((2, 3), (2, 5)), ((1, 1), (1, 2))) 0.936
   ('SW', ((2, 5), (3, 4)), ((1, 1), (1, 2))) 0.9317
   ('SW', ((1, 1), (1, 2)), ((2, 5), (3, 4))) 0.9087
   ('SW', ((2, 5), (5, 6)), ((6, 7), (7, 8))) 0.598
   ('SW', ((2, 5), (3, 4)), ((1, 2), (2, 3))) 0.5747
   ('SW', ((2, 5), (4, 5)), ((1, 2), (2, 3))) 0.5066
   ('SW', ((2, 5), (5, 8)), ((1, 2), (2, 3))) 0.2885
   ('SW', ((2, 5), (5, 6)), ((1, 2), (2, 3))) 0.2536
   ('SW', ((5, 6), (6, 7)), ((3, 4), (4, 5))) 0.122
   ('S0', None, None) 0.1142
   ('SW', ((5, 8), (6, 7)), ((1, 2), (2, 3))) 0.0965
   ('SW', ((4, 5), (5, 8)), ((1, 2), (2, 3))) 0.089
   ('SW', ((5, 8), (7, 8)), ((3, 4), (4, 5))) 0.0881
   ('SW', ((5, 8), (6, 7)), ((2, 5), (3, 4))) 0.0849
   ('SW', ((4, 5), (5, 8)), ((1, 2), (2, 5))) 0.0846
   ('SW', ((2, 5), (3, 4)), ((5, 8), (6, 7))) 0.0791
   ('SW', ((5, 8), (7, 8)), ((1, 2), (2, 3))) 0.0671
   ('SW', ((5, 8), (6, 7)), ((1, 2), (2, 5))) 0.062
   ('SW', ((5, 6), (6, 7)), ((1, 2), (2, 3))) 0.0592
   ('SW', ((2, 5), (3, 4)), ((4, 5), (5, 8))) 0.0469
   ('SW', ((2, 5), (3, 4)), ((5, 8), (8, 9))) 0.0423
   ('SW', ((5, 6), (6, 7)), ((1, 2), (2, 5))) 0.0416
   ('SW', ((5, 8), (7, 8)), ((1, 2), (2, 5))) 0.041
   ('SW', ((3, 4), (4, 5)), ((1, 2), (2, 5))) 0.04
   ('SW', ((3, 4), (4, 5)), ((1, 2), (2, 3))) 0.0384
   ('SW', ((2, 5), (4, 5)), ((5, 8), (7, 8))) 0.0374
   ('SW', ((3, 4), (4, 5)), ((5, 8), (6, 7))) 0.0347
   ('SW', ((5, 8), (6, 7)), ((2, 5), (5, 6))) 0.0304
   ('SW', ((5, 6), (6, 7)), ((2, 5), (4, 5))) 0.0297
   ('SW', ((2, 5), (4, 5)), ((5, 6), (6, 7))) 0.0296
   ('SW', ((5, 8), (7, 8)), ((2, 5), (4, 5))) 0.0269
   ('SW', ((2, 5), (5, 6)), ((5, 8), (7, 8))) 0.0264
   ('SW', ((5, 8), (6, 7)), ((2, 5), (4, 5))) 0.0247
   ('SW', ((6, 7), (7, 8)), ((1, 2), (2, 5))) 0.0243
   ('SW', ((5, 8), (7, 8)), ((2, 5), (5, 6))) 0.0223
   ('SW', ((1, 1), (1, 2)), ((2, 3), (3, 4))) 0.0222
   ('SW', ((6, 7), (7, 8)), ((1, 2), (2, 3))) 0.0219
   ('SW', ((2, 5), (4, 5)), ((5, 6), (5, 8))) 0.0214
   ('SW', ((2, 3), (2, 5)), ((5, 8), (7, 8))) 0.021
   ('SW', ((2, 5), (4, 5)), ((5, 8), (6, 7))) 0.0192
   ('SW', ((2, 5), (4, 5)), ((6, 7), (7, 8))) 0.0188
   ('SW', ((5, 6), (5, 8)), ((2, 5), (3, 4))) 0.0162
   ('SW', ((5, 8), (6, 7)), ((2, 3), (2, 5))) 0.016
   ('SW', ((5, 6), (6, 7)), ((2, 5), (3, 4))) 0.0149
   ('SW', ((5, 6), (6, 7)), ((2, 3), (2, 5))) 0.0147
   ('SW', ((2, 3), (2, 5)), ((5, 6), (5, 8))) 0.0143
   ('SW', ((2, 5), (3, 4)), ((5, 6), (5, 8))) 0.0132
   ('SW', ((7, 8), (8, 9)), ((1, 2), (2, 3))) 0.0119
   ('SW', ((7, 8), (8, 9)), ((1, 2), (2, 5))) 0.0116
   ('SW', ((3, 4), (4, 5)), ((5, 6), (5, 8))) 0.0115
   ('SW', ((2, 5), (5, 6)), ((5, 8), (6, 7))) 0.0113
   ('SW', ((2, 5), (4, 5)), ((5, 8), (8, 9))) 0.01
   ('SW', ((5, 6), (5, 8)), ((3, 4), (4, 5))) 0.0098
   ('SW', ((6, 7), (7, 8)), ((5, 6), (5, 8))) 0.0097
   ('SW', ((2, 5), (5, 6)), ((4, 5), (5, 8))) 0.0092
   ('SW', ((5, 8), (7, 8)), ((2, 3), (2, 5))) 0.0089
   ('SW', ((2, 5), (3, 4)), ((5, 8), (7, 8))) 0.0084
   ('SW', ((5, 6), (5, 8)), ((1, 1), (1, 2))) 0.0075
   ('SW', ((2, 5), (5, 6)), ((5, 8), (8, 9))) 0.0073
   ('SW', ((5, 6), (5, 8)), ((6, 7), (7, 8))) 0.0072
   ('SW', ((2, 3), (2, 5)), ((4, 5), (5, 8))) 0.0072
   ('SW', ((6, 7), (7, 8)), ((4, 5), (5, 8))) 0.0069
   ('SW', ((4, 5), (5, 8)), ((2, 3), (2, 5))) 0.0065
   ('SW', ((6, 7), (7, 8)), ((2, 5), (4, 5))) 0.0064
   ('SW', ((5, 6), (5, 8)), ((1, 2), (2, 3))) 0.0062
   ('SW', ((6, 7), (7, 8)), ((2, 5), (5, 6))) 0.0058
   ('SW', ((2, 3), (2, 5)), ((6, 7), (7, 8))) 0.0057
   ('SW', ((4, 5), (5, 8)), ((2, 3), (3, 4))) 0.0057
   ('SW', ((5, 6), (5, 8)), ((2, 3), (3, 4))) 0.0056
   ('SW', ((5, 6), (5, 8)), ((1, 2), (2, 5))) 0.0048
   ('SW', ((2, 5), (3, 4)), ((6, 7), (7, 8))) 0.0047
   ('SW', ((2, 3), (2, 5)), ((5, 8), (8, 9))) 0.0047
   ('SW', ((4, 5), (5, 8)), ((6, 7), (7, 8))) 0.0044
   ('SW', ((5, 8), (7, 8)), ((1, 1), (1, 2))) 0.0043
   ('SW', ((1, 1), (1, 2)), ((5, 8), (7, 8))) 0.0043
   ('SW', ((2, 5), (5, 8)), ((3, 4), (4, 5))) 0.0042
   ('SW', ((6, 7), (7, 8)), ((2, 5), (3, 4))) 0.0041
   ('SW', ((2, 5), (5, 6)), ((7, 8), (8, 9))) 0.0037
   ('SW', ((4, 5), (5, 8)), ((5, 6), (6, 7))) 0.0036
   ('SW', ((2, 5), (5, 8)), ((5, 6), (6, 7))) 0.0034
   ('SW', ((5, 8), (6, 7)), ((3, 4), (4, 5))) 0.0032
   ('SW', ((4, 5), (5, 8)), ((2, 5), (3, 4))) 0.0032
   ('SW', ((3, 4), (4, 5)), ((2, 5), (5, 8))) 0.0029
   ('SW', ((2, 5), (5, 8)), ((6, 7), (7, 8))) 0.0028
   ('SW', ((7, 8), (8, 9)), ((2, 5), (4, 5))) 0.0027
   ('SW', ((4, 5), (5, 8)), ((2, 5), (5, 6))) 0.0024
   ('SW', ((3, 4), (4, 5)), ((2, 5), (5, 6))) 0.0023
   ('SW', ((6, 7), (7, 8)), ((2, 5), (5, 8))) 0.0023
   ('SW', ((1, 1), (1, 2)), ((2, 5), (5, 6))) 0.0021
   ('SW', ((1, 1), (1, 2)), ((2, 5), (5, 8))) 0.0021
   ('SW', ((1, 1), (1, 2)), ((5, 6), (5, 8))) 0.0021
   ('SW', ((2, 5), (5, 8)), ((7, 8), (8, 9))) 0.0021
   ('SW', ((5, 8), (6, 7)), ((7, 8), (8, 9))) 0.002
   ('SW', ((3, 4), (4, 5)), ((5, 8), (7, 8))) 0.002
   ('SW', ((3, 4), (4, 5)), ((6, 7), (7, 8))) 0.002
   ('SW', ((5, 6), (5, 8)), ((7, 8), (8, 9))) 0.0018
   ('SW', ((3, 4), (4, 5)), ((5, 8), (8, 9))) 0.0016
   ('SW', ((5, 6), (6, 7)), ((5, 8), (8, 9))) 0.0016
   ('SW', ((2, 3), (2, 5)), ((3, 4), (4, 5))) 0.0011
   ('SW', ((7, 8), (8, 9)), ((5, 6), (6, 7))) 0.0011
   ('SW', ((2, 5), (3, 4)), ((7, 8), (8, 9))) 0.001
   ('SW', ((5, 8), (7, 8)), ((5, 6), (6, 7))) 0.001
   ('SW', ((6, 7), (7, 8)), ((4, 5), (5, 6))) 0.0009
   ('SW', ((5, 8), (7, 8)), ((4, 5), (5, 6))) 0.0008
   ('SW', ((5, 6), (6, 7)), ((7, 8), (8, 9))) 0.0008
   ('SW', ((4, 5), (5, 8)), ((7, 8), (8, 9))) 0.0007
   ('SW', ((5, 6), (5, 8)), ((2, 5), (4, 5))) 0.0007
   ('SW', ((5, 8), (6, 7)), ((4, 5), (5, 6))) 0.0007
   ('SW', ((6, 7), (7, 8)), ((2, 3), (2, 5))) 0.0007
   ('SW', ((5, 6), (6, 7)), ((4, 5), (5, 8))) 0.0006
   ('SW', ((5, 6), (6, 7)), ((8, 9), (9, 9))) 0.0006
   ('SW', ((5, 6), (5, 8)), ((2, 3), (2, 5))) 0.0006
   ('SW', ((6, 7), (7, 8)), ((5, 8), (8, 9))) 0.0006
   ('SW', ((5, 8), (6, 7)), ((8, 9), (9, 9))) 0.0005
   ('SW', ((7, 8), (8, 9)), ((5, 8), (6, 7))) 0.0005
   ('SW', ((3, 4), (4, 5)), ((5, 6), (6, 7))) 0.0005
   ('SW', ((5, 8), (7, 8)), ((2, 5), (3, 4))) 0.0004
   ('SW', ((5, 6), (6, 7)), ((2, 5), (5, 8))) 0.0004
   ('SW', ((7, 8), (8, 9)), ((5, 6), (5, 8))) 0.0004
   ('SW', ((3, 4), (4, 5)), ((7, 8), (8, 9))) 0.0004
   ('SW', ((7, 8), (8, 9)), ((2, 5), (5, 8))) 0.0003
   ('SW', ((7, 8), (8, 9)), ((4, 5), (5, 8))) 0.0003
   ('SW', ((7, 8), (8, 9)), ((2, 5), (5, 6))) 0.0003
   ('SW', ((5, 6), (5, 8)), ((8, 9), (9, 9))) 0.0003
   ('SW', ((7, 8), (8, 9)), ((2, 3), (2, 5))) 0.0003
   ('SW', ((5, 8), (7, 8)), ((8, 9), (9, 9))) 0.0003
   ('SW', ((5, 8), (7, 8)), ((2, 3), (3, 4))) 0.0002
   ('SW', ((6, 7), (7, 8)), ((3, 4), (4, 5))) 0.0002
   ('SW', ((5, 6), (6, 7)), ((5, 8), (7, 8))) 0.0002
   ('SW', ((2, 5), (5, 6)), ((2, 3), (3, 4))) 0.0002
   ('SW', ((2, 5), (5, 6)), ((3, 4), (4, 5))) 0.0002
   ('SW', ((2, 3), (2, 5)), ((5, 6), (6, 7))) 0.0002
   ('SW', ((7, 8), (8, 9)), ((3, 4), (4, 5))) 0.0001
   ('SW', ((3, 4), (4, 5)), ((2, 3), (2, 5))) 0.0001
   ('SW', ((7, 8), (8, 9)), ((2, 3), (3, 4))) 0.0001
   ('SW', ((2, 5), (5, 8)), ((2, 3), (3, 4))) 0.0001
   ('SW', ((4, 5), (5, 8)), ((8, 9), (9, 9))) 0.0001
   ('SW', ((5, 8), (6, 7)), ((2, 3), (3, 4))) 0.0001
   ('SW', ((7, 8), (8, 9)), ((2, 5), (3, 4))) 0.0001
   ('SW', ((2, 5), (5, 8)), ((8, 9), (9, 9))) 0.0001
   ('SW', ((3, 4), (4, 5)), ((8, 9), (9, 9))) 0.0001
   ('SW', ((2, 5), (5, 6)), ((8, 9), (9, 9))) 0.0001
   ('SW', ((2, 5), (4, 5)), ((7, 8), (8, 9))) 0.0001
   ('SW', ((2, 5), (5, 8)), ((4, 5), (5, 6))) 0.0001
   ('SW', ((2, 3), (2, 5)), ((4, 5), (5, 6))) 0.0001
   ('SW', ((7, 8), (8, 9)), ((4, 5), (5, 6))) 0.0
   ('SW', ((6, 7), (7, 8)), ((8, 9), (9, 9))) 0.0
   ('SW', ((2, 5), (3, 4)), ((4, 5), (5, 6))) 0.0
   ('SW', ((2, 3), (2, 5)), ((7, 8), (8, 9))) 0.0
   ('SW', ((6, 7), (7, 8)), ((2, 3), (3, 4))) 0.0
   ('SW', ((2, 5), (4, 5)), ((8, 9), (9, 9))) 0.0
   ('SW', ((2, 3), (2, 5)), ((8, 9), (9, 9))) 0.0
   ('SW', ((2, 5), (3, 4)), ((8, 9), (9, 9))) 0.0
   ('SW', ((5, 6), (6, 7)), ((2, 3), (3, 4))) 0.0
