seed 3, 200s, 422253 evaluations, 1021 restarts, n in [11,12]
best slack (X-local; >0 = X-local form FAILS) = 1/345 = 0.00290; its region slack0 = 0.00362
   n=12 P=[(1, 1), (1, 1), (1, 1), (1, 1), (1, 2), (1, 3), (2, 6), (3, 4), (3, 5), (4, 5), (5, 8), (6, 7)]
   (a, a', s, t) = ((3, 4), (2, 6), (5, 6), (6, 6))
configurations with slack > 0: 1626
distinct canonical failing posets: 17; by n: [12]
   FAIL n=12 slack=0.002899 [(1, 1), (1, 1), (1, 1), (1, 1), (1, 2), (1, 3), (2, 6), (3, 4), (3, 5), (4, 5), (5, 6), (6, 6)]
   FAIL n=12 slack=0.002899 [(1, 1), (1, 2), (1, 2), (1, 3), (1, 4), (2, 2), (3, 7), (4, 5), (4, 6), (5, 6), (6, 7), (7, 7)]
   FAIL n=12 slack=0.002899 [(1, 1), (1, 2), (1, 3), (1, 4), (2, 2), (2, 2), (3, 7), (4, 5), (4, 6), (5, 6), (6, 7), (7, 7)]
   FAIL n=12 slack=0.002899 [(1, 1), (1, 1), (1, 2), (1, 3), (1, 4), (2, 2), (3, 7), (4, 5), (4, 6), (5, 6), (6, 7), (7, 7)]
