seed 4, 200s, 238601 evaluations, 427 restarts, n in [13,13]
best slack (X-local; >0 = X-local form FAILS) = 260/51009 = 0.00510; its region slack0 = 0.00510
   n=13 P=[(1, 1), (1, 2), (1, 5), (2, 3), (2, 4), (3, 6), (4, 4), (5, 10), (6, 7), (7, 8), (7, 8), (8, 9), (9, 10)]
   (a, a', s, t) = ((6, 7), (5, 9), (8, 9), (9, 9))
configurations with slack > 0: 3935
distinct canonical failing posets: 46; by n: [13]
   FAIL n=13 slack=0.005097 [(1, 1), (1, 2), (1, 5), (2, 3), (2, 4), (3, 6), (4, 4), (5, 9), (6, 7), (7, 8), (7, 8), (8, 9), (9, 9)]
   FAIL n=13 slack=0.004843 [(1, 1), (1, 2), (1, 2), (1, 3), (2, 2), (2, 4), (3, 7), (4, 5), (4, 7), (5, 6), (5, 6), (6, 7), (7, 7)]
   FAIL n=13 slack=0.004401 [(1, 1), (1, 2), (1, 3), (2, 2), (2, 2), (2, 4), (3, 7), (4, 5), (4, 7), (5, 6), (5, 6), (6, 7), (7, 7)]
   FAIL n=13 slack=0.003809 [(1, 1), (1, 2), (1, 3), (1, 5), (2, 2), (3, 7), (4, 4), (4, 4), (4, 7), (5, 8), (6, 6), (7, 8), (8, 8)]
