seed 1, 180s, 8077 evaluations, 19 restarts, n in [11,20]
best slack (X-local; >0 = X-local form FAILS) = 127/8571 = 0.01482; its region slack0 = 0.01482
   n=17 P=[(1, 1), (1, 1), (1, 1), (1, 2), (2, 6), (3, 3), (3, 4), (3, 4), (3, 5), (3, 6), (4, 7), (5, 5), (6, 6), (7, 7), (7, 7), (7, 7), (7, 8)]
   (a, a', s, t) = ((3, 3), (2, 6), (4, 7), (5, 5))
configurations with slack > 0: 419
distinct canonical failing posets: 39; by n: [14, 15, 16, 17, 18, 19, 20]
   FAIL n=14 slack=0.004065 [(1, 1), (1, 1), (1, 2), (2, 6), (3, 3), (3, 4), (3, 4), (4, 7), (5, 5), (6, 6), (7, 7), (7, 7), (7, 7), (7, 7)]
   FAIL n=14 slack=0.004065 [(1, 1), (1, 1), (1, 2), (2, 6), (3, 3), (3, 4), (3, 4), (4, 8), (5, 5), (6, 6), (7, 7), (7, 8), (7, 8), (8, 8)]
   FAIL n=14 slack=0.001842 [(1, 1), (1, 1), (1, 2), (2, 6), (3, 3), (3, 4), (3, 4), (3, 5), (4, 7), (5, 5), (6, 6), (7, 7), (7, 7), (7, 7)]
   FAIL n=15 slack=0.003284 [(1, 1), (1, 1), (1, 2), (2, 6), (3, 3), (3, 4), (3, 4), (3, 5), (4, 7), (5, 5), (6, 6), (7, 7), (7, 7), (7, 7), (7, 7)]
