rand {'posets': 3000, 'with_bad': 0, 'badL': 0, 'kill': {}, 'surv_posets': 0}
stair {'posets': 1147, 'with_bad': 112, 'badL': 498, 'kill': {'TS': 464, 'SURVIVES': 8, '3.1*': 18, '2.1*': 8}, 'surv_posets': 7}
  stair SURVIVOR n=12 P = [1,1] [1,2] [1,4] [2,3] [2,7] [3,4] [4,5] [4,8] [5,6] [6,7] [7,8] [8,8]
                    L = [1,1] [1,2] [2,3] [1,4] [3,4] [4,5] [2,7] [4,8] [5,6] [6,7] [7,8] [8,8]
  stair SURVIVOR n=13 P = [1,1] [1,2] [2,3] [2,5] [3,4] [4,5] [5,6] [5,9] [6,7] [7,8] [8,9] [9,10] [10,10]
                    L = [1,1] [1,2] [2,3] [3,4] [2,5] [4,5] [5,6] [5,9] [6,7] [7,8] [8,9] [9,10] [10,10]
  stair SURVIVOR n=13 P = [1,1] [1,2] [1,5] [2,3] [2,8] [3,4] [4,5] [5,6] [5,8] [6,7] [7,8] [8,9] [9,9]
                    L = [1,1] [1,2] [2,3] [3,4] [1,5] [2,8] [4,5] [5,6] [5,8] [6,7] [7,8] [8,9] [9,9]
  stair SURVIVOR n=13 P = [1,1] [1,2] [1,5] [2,3] [2,7] [3,4] [4,5] [5,6] [5,8] [6,7] [7,8] [8,9] [9,9]
                    L = [1,1] [1,2] [2,3] [3,4] [1,5] [2,7] [4,5] [5,6] [5,8] [6,7] [7,8] [8,9] [9,9]
  stair SURVIVOR n=14 P = [1,1] [1,2] [2,3] [2,9] [3,4] [3,6] [4,5] [5,6] [6,7] [6,10] [7,8] [8,9] [9,10] [10,10]
                    L = [1,1] [1,2] [2,3] [3,4] [4,5] [3,6] [5,6] [6,7] [2,9] [6,10] [7,8] [8,9] [9,10] [10,10]
  stair SURVIVOR n=14 P = [1,1] [1,2] [1,5] [2,3] [2,9] [3,4] [4,5] [5,6] [5,10] [6,7] [7,8] [8,9] [9,10] [10,10]
                    L = [1,1] [1,2] [2,3] [3,4] [1,5] [2,9] [4,5] [5,6] [5,10] [6,7] [7,8] [8,9] [9,10] [10,10]
