  m    n          W        I_h        I_*     I_*/W    I_*/n^1.5
  1    2     1.0000     0.5000     0.5000    0.5000       0.1768
  2    4     2.6667     1.3333     1.3333    0.5000       0.1667
  3    6     4.5000     2.4000     2.4000    0.5333       0.1633
  4    8     6.4000     3.6571     3.6571    0.5714       0.1616
  5   10     8.3333     5.0794     5.0794    0.6095       0.1606
  6   12    10.2857     6.6494     6.6494    0.6465       0.1600
  7   14    12.2500     8.3543     8.3543    0.6820       0.1595
  8   16    14.2222    10.1843    10.1843    0.7161       0.1591
  9   18    16.2000    12.1313    12.1313    0.7488       0.1589
 10   20    18.1818    14.1887    14.1887    0.7804       0.1586
 11   22    20.1667    16.3507    16.3507    0.8108       0.1585
