== D=2  (depth nodes certified cutpruned): python vs C nolp
0 1 0 0	0 1 0 0
1 1 0 0	1 1 0 0
2 1 0 1	2 1 0 1
3 3 0 1	3 3 0 1
4 3 0 3	4 3 0 3
5 2 2 3	5 2 2 3
D=2 IDENTICAL
== D=3  (depth nodes certified cutpruned): python vs C nolp
0 1 0 0	0 1 0 0
1 1 0 0	1 1 0 0
2 1 0 1	2 1 0 1
3 3 0 1	3 3 0 1
4 14 0 3	4 14 0 3
5 35 9 14	5 35 9 14
6 52 27 26	6 52 27 26
7 33 25 25	7 33 25 25
8 12 4 8	8 12 4 8
9 10 8 8	9 10 8 8
10 6 4 2	10 6 4 2
11 2 2 2	11 2 2 2
D=3 IDENTICAL
== D=4  (depth nodes certified cutpruned): python vs C nolp
0 1 0 0	0 1 0 0
1 1 0 0	1 1 0 0
2 1 0 1	2 1 0 1
3 3 0 1	3 3 0 1
4 14 0 3	4 14 0 3
5 89 12 14	5 89 12 14
6 352 93 77	6 352 93 77
7 985 515 259	7 985 515 259
8 1576 1085 470	8 1576 1085 470
9 1438 1067 491	9 1438 1067 491
10 1061 795 371	10 1061 795 371
11 884 732 266	11 884 732 266
12 474 414 152	12 474 414 152
13 180 166 60	13 180 166 60
14 42 42 14	14 42 42 14
D=4 IDENTICAL
