n=9: 2 interval orders with a bad dominance L (2 bad Ls); surviving the Swap-Ladder constraints: 2 posets, 2 Ls
    [(1, 1), (1, 2), (1, 5), (2, 3), (2, 6), (3, 4), (4, 5), (5, 6), (6, 6)]  bad Ls=1  SL-survivors=1  e.g. L=[(1, 1), (1, 2), (2, 3), (1, 5), (3, 4), (2, 6), (4, 5), (5, 6), (6, 6)]
    [(1, 1), (1, 2), (2, 3), (2, 6), (3, 4), (4, 5), (5, 6), (6, 7), (7, 7)]  bad Ls=1  SL-survivors=1  e.g. L=[(1, 1), (1, 2), (2, 3), (3, 4), (2, 6), (4, 5), (5, 6), (6, 7), (7, 7)]
n=10: 24 interval orders with a bad dominance L (29 bad Ls); surviving the Swap-Ladder constraints: 16 posets, 20 Ls
    [(1, 1), (1, 2), (1, 5), (2, 3), (2, 6), (3, 3), (4, 4), (4, 5), (5, 6), (6, 6)]  bad Ls=1  SL-survivors=0
    [(1, 1), (1, 2), (1, 5), (2, 3), (2, 6), (3, 4), (4, 5), (5, 6), (6, 6), (7, 7)]  bad Ls=1  SL-survivors=1  e.g. L=[(1, 1), (1, 2), (2, 3), (1, 5), (3, 4), (2, 6), (4, 5), (5, 6), (6, 6), (7, 7)]
    [(1, 1), (1, 2), (1, 5), (2, 3), (2, 6), (3, 4), (4, 5), (5, 6), (6, 7), (7, 7)]  bad Ls=1  SL-survivors=1  e.g. L=[(1, 1), (1, 2), (2, 3), (1, 5), (3, 4), (2, 6), (4, 5), (5, 6), (6, 7), (7, 7)]
    [(1, 1), (1, 2), (1, 5), (2, 3), (2, 6), (3, 4), (4, 5), (5, 7), (6, 6), (7, 7)]  bad Ls=1  SL-survivors=1  e.g. L=[(1, 1), (1, 2), (2, 3), (1, 5), (3, 4), (2, 6), (4, 5), (5, 7), (6, 6), (7, 7)]
    [(1, 1), (1, 2), (1, 5), (2, 3), (2, 7), (3, 4), (4, 5), (5, 6), (6, 6), (7, 7)]  bad Ls=1  SL-survivors=1  e.g. L=[(1, 1), (1, 2), (2, 3), (1, 5), (3, 4), (2, 7), (4, 5), (5, 6), (6, 6), (7, 7)]
    [(1, 1), (1, 2), (1, 5), (2, 3), (2, 7), (3, 4), (4, 5), (5, 7), (6, 6), (7, 7)]  bad Ls=1  SL-survivors=1  e.g. L=[(1, 1), (1, 2), (2, 3), (1, 5), (3, 4), (2, 7), (4, 5), (5, 7), (6, 6), (7, 7)]
    [(1, 1), (1, 2), (1, 6), (2, 3), (2, 6), (3, 4), (4, 5), (5, 6), (6, 7), (7, 7)]  bad Ls=1  SL-survivors=0
    [(1, 1), (1, 2), (1, 6), (2, 3), (2, 7), (3, 4), (4, 5), (5, 6), (6, 7), (7, 7)]  bad Ls=4  SL-survivors=4  e.g. L=[(1, 1), (1, 2), (2, 3), (1, 6), (3, 4), (2, 7), (4, 5), (5, 6), (6, 7), (7, 7)]
    [(1, 1), (1, 2), (1, 6), (2, 3), (2, 7), (3, 4), (4, 6), (5, 5), (6, 7), (7, 7)]  bad Ls=1  SL-survivors=0
    [(1, 1), (1, 2), (1, 6), (2, 4), (2, 7), (3, 3), (4, 5), (5, 6), (6, 7), (7, 7)]  bad Ls=1  SL-survivors=0
    [(1, 1), (1, 2), (1, 7), (2, 3), (2, 6), (3, 4), (4, 5), (5, 6), (6, 7), (7, 7)]  bad Ls=2  SL-survivors=0
    [(1, 1), (1, 2), (2, 3), (2, 6), (2, 7), (3, 4), (4, 5), (5, 6), (6, 7), (7, 7)]  bad Ls=1  SL-survivors=0
    [(1, 1), (1, 2), (2, 3), (2, 6), (3, 4), (3, 7), (4, 5), (5, 6), (6, 7), (7, 7)]  bad Ls=1  SL-survivors=1  e.g. L=[(1, 1), (1, 2), (2, 3), (3, 4), (2, 6), (4, 5), (3, 7), (5, 6), (6, 7), (7, 7)]
    [(1, 1), (1, 3), (1, 6), (2, 2), (3, 4), (3, 7), (4, 5), (5, 6), (6, 7), (7, 7)]  bad Ls=1  SL-survivors=1  e.g. L=[(1, 1), (2, 2), (1, 3), (3, 4), (1, 6), (4, 5), (3, 7), (5, 6), (6, 7), (7, 7)]
    [(1, 1), (1, 3), (2, 2), (2, 6), (3, 4), (3, 7), (4, 5), (5, 6), (6, 7), (7, 7)]  bad Ls=1  SL-survivors=1  e.g. L=[(1, 1), (2, 2), (1, 3), (3, 4), (2, 6), (4, 5), (3, 7), (5, 6), (6, 7), (7, 7)]
    [(1, 1), (1, 6), (2, 2), (2, 3), (3, 4), (3, 7), (4, 5), (5, 6), (6, 7), (7, 7)]  bad Ls=1  SL-survivors=1  e.g. L=[(1, 1), (2, 2), (2, 3), (3, 4), (1, 6), (4, 5), (3, 7), (5, 6), (6, 7), (7, 7)]
    [(1, 1), (2, 2), (2, 3), (2, 6), (3, 4), (3, 7), (4, 5), (5, 6), (6, 7), (7, 7)]  bad Ls=1  SL-survivors=1  e.g. L=[(1, 1), (2, 2), (2, 3), (3, 4), (2, 6), (4, 5), (3, 7), (5, 6), (6, 7), (7, 7)]
    [(1, 1), (1, 2), (2, 3), (2, 6), (3, 4), (4, 5), (5, 6), (6, 7), (7, 7), (8, 8)]  bad Ls=1  SL-survivors=1  e.g. L=[(1, 1), (1, 2), (2, 3), (3, 4), (2, 6), (4, 5), (5, 6), (6, 7), (7, 7), (8, 8)]
    [(1, 1), (1, 2), (2, 3), (2, 6), (3, 4), (4, 5), (5, 6), (6, 8), (7, 7), (8, 8)]  bad Ls=1  SL-survivors=1  e.g. L=[(1, 1), (1, 2), (2, 3), (3, 4), (2, 6), (4, 5), (5, 6), (6, 8), (7, 7), (8, 8)]
    [(1, 1), (1, 2), (2, 3), (2, 7), (3, 4), (4, 5), (5, 6), (6, 7), (7, 8), (8, 8)]  bad Ls=2  SL-survivors=2  e.g. L=[(1, 1), (1, 2), (2, 3), (3, 4), (2, 7), (4, 5), (5, 6), (6, 7), (7, 8), (8, 8)]
    [(1, 1), (1, 2), (2, 3), (2, 7), (3, 4), (4, 6), (5, 5), (6, 7), (7, 8), (8, 8)]  bad Ls=1  SL-survivors=0
    [(1, 1), (1, 2), (2, 3), (2, 7), (3, 5), (4, 4), (5, 6), (6, 7), (7, 8), (8, 8)]  bad Ls=1  SL-survivors=0
    [(1, 1), (1, 3), (2, 2), (3, 4), (3, 7), (4, 5), (5, 6), (6, 7), (7, 8), (8, 8)]  bad Ls=1  SL-survivors=1  e.g. L=[(1, 1), (2, 2), (1, 3), (3, 4), (4, 5), (3, 7), (5, 6), (6, 7), (7, 8), (8, 8)]
    [(1, 1), (2, 2), (2, 3), (3, 4), (3, 7), (4, 5), (5, 6), (6, 7), (7, 8), (8, 8)]  bad Ls=1  SL-survivors=1  e.g. L=[(1, 1), (2, 2), (2, 3), (3, 4), (4, 5), (3, 7), (5, 6), (6, 7), (7, 8), (8, 8)]
