n=3: 13 (P,L); failures K=0, K_A=0, K_B=0, K_AB=0, K_0=1
n=4: 89 (P,L); failures K=0, K_A=0, K_B=0, K_AB=0, K_0=5
n=5: 752 (P,L); failures K=0, K_A=0, K_B=0, K_AB=0, K_0=27
n=6: 7931 (P,L); failures K=0, K_A=2, K_B=2, K_AB=4, K_0=174
     K_A ([(1, 1), (1, 3), (2, 2), (2, 4), (3, 4), (4, 4)], [0, 1, 2, 3, 4, 5], [(2, 0), (0, 1), (2, 0), (0, 1), (0, 1)])
     K_B ([(1, 1), (1, 2), (1, 3), (2, 4), (3, 3), (4, 4)], [0, 1, 2, 4, 3, 5], [(1, 0), (1, 0), (0, 2), (1, 0), (0, 2)])
     K_AB ([(1, 1), (1, 2), (1, 3), (2, 4), (3, 3), (4, 4)], [0, 1, 2, 4, 3, 5], [(1, 0), (1, 0), (0, 2), (1, 0), (0, 2)])
n=7: 102880 (P,L); failures K=0, K_A=30, K_B=30, K_AB=60, K_0=1421
     K_A ([(1, 1), (1, 2), (1, 4), (2, 2), (2, 3), (3, 4), (4, 4)], [0, 1, 3, 2, 4, 5, 6], [(2, 0), (0, 1), (2, 0), (0, 1), (1, 2), (0, 1)])
     K_B ([(1, 1), (1, 2), (1, 3), (1, 4), (2, 4), (3, 3), (4, 4)], [0, 1, 2, 3, 5, 4, 6], [(1, 0), (1, 0), (1, 0), (0, 2), (1, 0), (0, 2)])
     K_AB ([(1, 1), (1, 2), (1, 3), (1, 4), (2, 4), (3, 3), (4, 4)], [0, 1, 2, 3, 5, 4, 6], [(1, 0), (1, 0), (1, 0), (0, 2), (1, 0), (0, 2)])
