n=3: 1 (P,L) pairs; failures: H1=0, H1'=0, H2=0, H3=0, HT=0, HC=0
n=4: 3 (P,L) pairs; failures: H1=0, H1'=0, H2=0, H3=0, HT=0, HC=2
    HC e.g. iv=[(1, 1), (1, 3), (2, 2), (3, 3)] L=[0, 1, 2, 3] seps=[1, 1]
n=5: 14 (P,L) pairs; failures: H1=2, H1'=2, H2=1, H3=0, HT=0, HC=9
    HC e.g. iv=[(1, 1), (1, 2), (1, 3), (2, 2), (3, 3)] L=[0, 1, 2, 3, 4] seps=[1, 1, 1]
    H1' e.g. iv=[(1, 1), (1, 2), (1, 3), (2, 2), (3, 3)] L=[0, 1, 3, 2, 4] seps=[1, 1, 1, 2]
    H1 e.g. iv=[(1, 1), (1, 2), (2, 2), (2, 3), (3, 3)] L=[0, 1, 2, 3, 4] seps=[2, 1, 1, 2]
    H2 e.g. iv=[(1, 1), (1, 2), (2, 2), (2, 3), (3, 3)] L=[0, 1, 2, 3, 4] seps=[2, 1, 1, 2]
n=6: 82 (P,L) pairs; failures: H1=19, H1'=19, H2=7, H3=0, HT=0, HC=62
    H1 e.g. iv=[(1, 1), (1, 2), (1, 3), (2, 2), (2, 3), (3, 3)] L=[0, 1, 2, 3, 4, 5] seps=[2, 1, 1, 1, 2]
    H1' e.g. iv=[(1, 1), (1, 2), (1, 3), (2, 2), (2, 3), (3, 3)] L=[0, 1, 2, 3, 4, 5] seps=[2, 1, 1, 1, 2]
    H2 e.g. iv=[(1, 1), (1, 2), (1, 3), (2, 2), (2, 3), (3, 3)] L=[0, 1, 2, 3, 4, 5] seps=[2, 1, 1, 1, 2]
    HC e.g. iv=[(1, 1), (1, 2), (1, 3), (2, 2), (3, 4), (4, 4)] L=[0, 1, 2, 3, 4, 5] seps=[1, 1, 1, 1]
n=7: 575 (P,L) pairs; failures: H1=178, H1'=178, H2=70, H3=2, HT=2, HC=459
    HC e.g. iv=[(1, 1), (1, 2), (1, 3), (1, 4), (2, 2), (3, 3), (4, 4)] L=[0, 1, 2, 3, 4, 5, 6] seps=[1, 1, 1, 1]
    H1' e.g. iv=[(1, 1), (1, 2), (1, 3), (1, 4), (2, 2), (3, 3), (4, 4)] L=[0, 1, 2, 4, 3, 5, 6] seps=[1, 1, 1, 1, 2]
    H1 e.g. iv=[(1, 1), (1, 2), (1, 3), (2, 2), (2, 3), (3, 4), (4, 4)] L=[0, 1, 2, 3, 4, 5, 6] seps=[2, 1, 1, 1, 3, 2]
    H2 e.g. iv=[(1, 1), (1, 2), (1, 3), (2, 2), (2, 3), (3, 4), (4, 4)] L=[0, 1, 2, 3, 4, 5, 6] seps=[2, 1, 1, 1, 3, 2]
    H3 e.g. iv=[(1, 1), (1, 2), (2, 3), (2, 5), (3, 4), (4, 4), (5, 5)] L=[0, 1, 2, 4, 3, 5, 6] seps=[2, 2, 2, 1, 2]
    HT e.g. iv=[(1, 1), (1, 2), (2, 3), (2, 5), (3, 4), (4, 4), (5, 5)] L=[0, 1, 2, 4, 3, 5, 6] seps=[2, 2, 2, 1, 2]
