C_BFT=0.276393202  (3-sqrt5)/2=0.381966011
 N  e(F_N)        delta(F_N)          attained-by          M            M-at  centre-adjacent  end-adjacent  sort=index  paper-h-formula
  3 3                            1/3=0.333333 [(0, 1), (1, 2)]     0.333333333 [1, 3] 0.333333        0.333333      True       abs:OK signed:NO corrected:OK
  4 5                            2/5=0.400000 [(0, 1), (2, 3)]     0.400000000 [1, 4] 0.400000        0.400000      True       
  5 8                            3/8=0.375000 [(0, 1), (3, 4)]     0.375000000 [1, 5] 0.250000        0.375000      True       abs:OK signed:NO corrected:OK
  6 13                          5/13=0.384615 [(0, 1), (4, 5)]     0.384615385 [1, 6] 0.230769        0.384615      True       
  7 21                          8/21=0.380952 [(0, 1), (5, 6)]     0.380952381 [1, 7] 0.285714        0.380952      True       abs:OK signed:NO corrected:OK
  8 34                         13/34=0.382353 [(0, 1), (6, 7)]     0.382352941 [1, 8] 0.294118        0.382353      True       
  9 55                         21/55=0.381818 [(0, 1), (7, 8)]     0.381818182 [1, 9] 0.272727        0.381818      True       abs:OK signed:NO corrected:OK
 10 89                         34/89=0.382022 [(0, 1), (8, 9)]     0.382022472 [1, 10] 0.269663        0.382022      True       
 11 144                       55/144=0.381944 [(0, 1), (9, 10)]    0.381944444 [1, 11] 0.277778        0.381944      True       abs:OK signed:NO corrected:OK
 12 233                       89/233=0.381974 [(0, 1), (10, 11)]   0.381974249 [1, 12] 0.278970        0.381974      True       
 13 377                      144/377=0.381963 [(0, 1), (11, 12)]   0.381962865 [1, 13] 0.275862        0.381963      True       abs:OK signed:NO corrected:OK
 14 610                      233/610=0.381967 [(0, 1), (12, 13)]   0.381967213 [1, 14] 0.275410        0.381967      True       
 15 987                      377/987=0.381966 [(0, 1), (13, 14)]   0.381965552 [1, 15] 0.276596        0.381966      True       abs:OK signed:NO corrected:OK
 16 1597                    610/1597=0.381966 [(0, 1), (14, 15)]   0.381966187 [1, 16] 0.276769        0.381966      True       
 17 2584                    987/2584=0.381966 [(0, 1), (15, 16)]   0.381965944 [1, 17] 0.276316        0.381966      True       abs:OK signed:NO corrected:OK
 18 4181                   1597/4181=0.381966 [(0, 1), (16, 17)]   0.381966037 [1, 18] 0.276250        0.381966      True       
 19 6765                   2584/6765=0.381966 [(0, 1), (17, 18)]   0.381966001 [1, 19] 0.276423        0.381966      True       abs:OK signed:NO corrected:OK
 20 10946                 4181/10946=0.381966 [(0, 1), (18, 19)]   0.381966015 [1, 20] 0.276448        0.381966      True       
 21 17711                 6765/17711=0.381966 [(0, 1), (19, 20)]   0.381966010 [1, 21] 0.276382        0.381966      True       abs:OK signed:NO corrected:OK
 22 28657                10946/28657=0.381966 [(0, 1), (20, 21)]   0.381966012 [1, 22] 0.276372        0.381966      True       
 23 46368                17711/46368=0.381966 [(0, 1), (21, 22)]   0.381966011 [1, 23] 0.276398        0.381966      True       abs:OK signed:NO corrected:OK
 24 75025                28657/75025=0.381966 [(0, 1), (22, 23)]   0.381966011 [1, 24] 0.276401        0.381966      True       
 25 121393              46368/121393=0.381966 [(0, 1), (23, 24)]   0.381966011 [1, 25] 0.276392        0.381966      True       abs:OK signed:NO corrected:OK
 26 196418              75025/196418=0.381966 [(0, 1), (24, 25)]   0.381966011 [1, 26] 0.276390        0.381966      True       
 27 317811             121393/317811=0.381966 [(0, 1), (25, 26)]   0.381966011 [1, 27] 0.276394        0.381966      True       abs:OK signed:NO corrected:OK
 28 514229             196418/514229=0.381966 [(0, 1), (26, 27)]   0.381966011 [1, 28] 0.276394        0.381966      True       
 29 832040             317811/832040=0.381966 [(0, 1), (27, 28)]   0.381966011 [1, 29] 0.276393        0.381966      True       abs:OK signed:NO corrected:OK
 30 1346269           514229/1346269=0.381966 [(0, 1), (28, 29)]   0.381966011 [1, 30] 0.276393        0.381966      True       
 31 2178309           832040/2178309=0.381966 [(0, 1), (29, 30)]   0.381966011 [1, 31] 0.276393        0.381966      True       abs:OK signed:NO corrected:OK
 32 3524578          1346269/3524578=0.381966 [(0, 1), (30, 31)]   0.381966011 [1, 32] 0.276393        0.381966      True       
 33 5702887          2178309/5702887=0.381966 [(0, 1), (31, 32)]   0.381966011 [1, 33] 0.276393        0.381966      True       abs:OK signed:NO corrected:OK
 34 9227465          3524578/9227465=0.381966 [(0, 1), (32, 33)]   0.381966011 [1, 34] 0.276393        0.381966      True       
 35 14930352        5702887/14930352=0.381966 [(0, 1), (33, 34)]   0.381966011 [1, 35] 0.276393        0.381966      True       abs:OK signed:NO corrected:OK
 36 24157817        9227465/24157817=0.381966 [(0, 1), (34, 35)]   0.381966011 [1, 36] 0.276393        0.381966      True       
 37 39088169       14930352/39088169=0.381966 [(0, 1), (35, 36)]   0.381966011 [1, 37] 0.276393        0.381966      True       abs:OK signed:NO corrected:OK
 38 63245986       24157817/63245986=0.381966 [(0, 1), (36, 37)]   0.381966011 [1, 38] 0.276393        0.381966      True       
 39 102334155     39088169/102334155=0.381966 [(0, 1), (37, 38)]   0.381966011 [1, 39] 0.276393        0.381966      True       abs:OK signed:NO corrected:OK
 40 165580141     63245986/165580141=0.381966 [(0, 1), (38, 39)]   0.381966011 [1, 40] 0.276393        0.381966      True       
 41 267914296     102334155/267914296=0.381966 [(0, 1), (39, 40)]   0.381966011 [1, 41] 0.276393        0.381966      True       abs:OK signed:NO corrected:OK
 42 433494437     165580141/433494437=0.381966 [(0, 1), (40, 41)]   0.381966011 [1, 42] 0.276393        0.381966      True       
 43 701408733     267914296/701408733=0.381966 [(0, 1), (41, 42)]   0.381966011 [1, 43] 0.276393        0.381966      True       abs:OK signed:NO corrected:OK
 44 1134903170    433494437/1134903170=0.381966 [(0, 1), (42, 43)]   0.381966011 [1, 44] 0.276393        0.381966      True       
 45 1836311903    701408733/1836311903=0.381966 [(0, 1), (43, 44)]   0.381966011 [1, 45] 0.276393        0.381966      True       abs:OK signed:NO corrected:OK
 46 2971215073    1134903170/2971215073=0.381966 [(0, 1), (44, 45)]   0.381966011 [1, 46] 0.276393        0.381966      True       
 47 4807526976    1836311903/4807526976=0.381966 [(0, 1), (45, 46)]   0.381966011 [1, 47] 0.276393        0.381966      True       abs:OK signed:NO corrected:OK
 48 7778742049    2971215073/7778742049=0.381966 [(0, 1), (46, 47)]   0.381966011 [1, 48] 0.276393        0.381966      True       
 49 12586269025   4807526976/12586269025=0.381966 [(0, 1), (47, 48)]   0.381966011 [1, 49] 0.276393        0.381966      True       abs:OK signed:NO corrected:OK
 50 20365011074   7778742049/20365011074=0.381966 [(0, 1), (48, 49)]   0.381966011 [1, 50] 0.276393        0.381966      True       
 51 32951280099   12586269025/32951280099=0.381966 [(0, 1), (49, 50)]   0.381966011 [1, 51] 0.276393        0.381966      True       abs:OK signed:NO corrected:OK
 52 53316291173   20365011074/53316291173=0.381966 [(0, 1), (50, 51)]   0.381966011 [1, 52] 0.276393        0.381966      True       
 53 86267571272   32951280099/86267571272=0.381966 [(0, 1), (51, 52)]   0.381966011 [1, 53] 0.276393        0.381966      True       abs:OK signed:NO corrected:OK
 54 139583862445  53316291173/139583862445=0.381966 [(0, 1), (52, 53)]   0.381966011 [1, 54] 0.276393        0.381966      True       
 55 225851433717  86267571272/225851433717=0.381966 [(0, 1), (53, 54)]   0.381966011 [1, 55] 0.276393        0.381966      True       abs:OK signed:NO corrected:OK
 56 365435296162  139583862445/365435296162=0.381966 [(0, 1), (54, 55)]   0.381966011 [1, 56] 0.276393        0.381966      True       
 57 591286729879  225851433717/591286729879=0.381966 [(0, 1), (55, 56)]   0.381966011 [1, 57] 0.276393        0.381966      True       abs:OK signed:NO corrected:OK
 58 956722026041  365435296162/956722026041=0.381966 [(0, 1), (56, 57)]   0.381966011 [1, 58] 0.276393        0.381966      True       
 59 1548008755920 591286729879/1548008755920=0.381966 [(0, 1), (57, 58)]   0.381966011 [1, 59] 0.276393        0.381966      True       abs:OK signed:NO corrected:OK
 60 2504730781961 956722026041/2504730781961=0.381966 [(0, 1), (58, 59)]   0.381966011 [1, 60] 0.276393        0.381966      True       
 61 4052739537881 1548008755920/4052739537881=0.381966 [(0, 1), (59, 60)]   0.381966011 [1, 61] 0.276393        0.381966      True       abs:OK signed:NO corrected:OK
 62 6557470319842 2504730781961/6557470319842=0.381966 [(0, 1), (60, 61)]   0.381966011 [1, 62] 0.276393        0.381966      True       
 63 10610209857723 4052739537881/10610209857723=0.381966 [(0, 1), (61, 62)]   0.381966011 [1, 63] 0.276393        0.381966      True       abs:OK signed:NO corrected:OK
 64 17167680177565 6557470319842/17167680177565=0.381966 [(0, 1), (62, 63)]   0.381966011 [1, 64] 0.276393        0.381966      True       
 65 27777890035288 10610209857723/27777890035288=0.381966 [(0, 1), (63, 64)]   0.381966011 [1, 65] 0.276393        0.381966      True       abs:OK signed:NO corrected:OK
 66 44945570212853 17167680177565/44945570212853=0.381966 [(0, 1), (64, 65)]   0.381966011 [1, 66] 0.276393        0.381966      True       
 67 72723460248141 27777890035288/72723460248141=0.381966 [(0, 1), (65, 66)]   0.381966011 [1, 67] 0.276393        0.381966      True       abs:OK signed:NO corrected:OK
 68 117669030460994 44945570212853/117669030460994=0.381966 [(0, 1), (66, 67)]   0.381966011 [1, 68] 0.276393        0.381966      True       
 69 190392490709135 72723460248141/190392490709135=0.381966 [(0, 1), (67, 68)]   0.381966011 [1, 69] 0.276393        0.381966      True       abs:OK signed:NO corrected:OK
 70 308061521170129 117669030460994/308061521170129=0.381966 [(0, 1), (68, 69)]   0.381966011 [1, 70] 0.276393        0.381966      True       
 71 498454011879264 190392490709135/498454011879264=0.381966 [(0, 1), (69, 70)]   0.381966011 [1, 71] 0.276393        0.381966      True       abs:OK signed:NO corrected:OK
 72 806515533049393 308061521170129/806515533049393=0.381966 [(0, 1), (70, 71)]   0.381966011 [1, 72] 0.276393        0.381966      True       
 73 1304969544928657 498454011879264/1304969544928657=0.381966 [(0, 1), (71, 72)]   0.381966011 [1, 73] 0.276393        0.381966      True       abs:OK signed:NO corrected:OK
 74 2111485077978050 806515533049393/2111485077978050=0.381966 [(0, 1), (72, 73)]   0.381966011 [1, 74] 0.276393        0.381966      True       
 75 3416454622906707 1304969544928657/3416454622906707=0.381966 [(0, 1), (73, 74)]   0.381966011 [1, 75] 0.276393        0.381966      True       abs:OK signed:NO corrected:OK
 76 5527939700884757 2111485077978050/5527939700884757=0.381966 [(0, 1), (74, 75)]   0.381966011 [1, 76] 0.276393        0.381966      True       
 77 8944394323791464 3416454622906707/8944394323791464=0.381966 [(0, 1), (75, 76)]   0.381966011 [1, 77] 0.276393        0.381966      True       abs:OK signed:NO corrected:OK
 78 14472334024676221 5527939700884757/14472334024676221=0.381966 [(0, 1), (76, 77)]   0.381966011 [1, 78] 0.276393        0.381966      True       
 79 23416728348467685 8944394323791464/23416728348467685=0.381966 [(0, 1), (77, 78)]   0.381966011 [1, 79] 0.276393        0.381966      True       abs:OK signed:NO corrected:OK
 80 37889062373143906 14472334024676221/37889062373143906=0.381966 [(0, 1), (78, 79)]   0.381966011 [1, 80] 0.276393        0.381966      True       
 81 61305790721611591 23416728348467685/61305790721611591=0.381966 [(0, 1), (79, 80)]   0.381966011 [1, 81] 0.276393        0.381966      True       abs:OK signed:NO corrected:OK
