census n=4: 14 non-chain; K-bad 0; TS-bad 0
census n=5: 52 non-chain; K-bad 0; TS-bad 0
census n=6: 216 non-chain; K-bad 0; TS-bad 0
census n=7: 1013 non-chain; K-bad 0; TS-bad 0
census n=8: 5334 non-chain; K-bad 0; TS-bad 0
census n=9: 31239 non-chain; K-bad 2; TS-bad 0
census n=10: 201607 non-chain; K-bad 24; TS-bad 1
   TS-bad P=[(1, 1), (1, 2), (1, 6), (2, 3), (2, 7), (3, 4), (4, 5), (5, 6), (6, 7), (7, 7)] L=[(1, 1), (1, 2), (2, 3), (3, 4), (1, 6), (2, 7), (4, 5), (5, 6), (6, 7), (7, 7)]
staircase + 1..3 long, n=10..13: 6634 non-chain; K-bad 547; TS-bad 104
   TS-bad P=[(1, 1), (1, 2), (1, 6), (2, 3), (2, 7), (3, 4), (4, 5), (5, 6), (6, 7), (7, 7)] L=[(1, 1), (1, 2), (2, 3), (3, 4), (1, 6), (2, 7), (4, 5), (5, 6), (6, 7), (7, 7)]
   TS-bad P=[(1, 1), (1, 2), (1, 6), (2, 3), (2, 7), (3, 4), (4, 5), (5, 6), (6, 7), (7, 8), (8, 8)] L=[(1, 1), (1, 2), (2, 3), (3, 4), (1, 6), (2, 7), (4, 5), (5, 6), (6, 7), (7, 8), (8, 8)]
   TS-bad P=[(1, 1), (1, 2), (1, 7), (2, 3), (2, 8), (3, 4), (4, 5), (5, 6), (6, 7), (7, 8), (8, 8)] L=[(1, 1), (1, 2), (2, 3), (3, 4), (1, 7), (2, 8), (4, 5), (5, 6), (6, 7), (7, 8), (8, 8)]
   TS-bad P=[(1, 1), (1, 2), (2, 3), (2, 7), (3, 4), (3, 8), (4, 5), (5, 6), (6, 7), (7, 8), (8, 8)] L=[(1, 1), (1, 2), (2, 3), (3, 4), (4, 5), (2, 7), (3, 8), (5, 6), (6, 7), (7, 8), (8, 8)]
   TS-bad P=[(1, 1), (1, 2), (1, 4), (2, 3), (2, 7), (3, 4), (4, 5), (4, 8), (5, 6), (6, 7), (7, 8), (8, 8)] L=[(1, 1), (1, 2), (2, 3), (1, 4), (3, 4), (4, 5), (2, 7), (4, 8), (5, 6), (6, 7), (7, 8), (8, 8)]
random general posets n=7..11: 19996 non-chain; K-bad 153; TS-bad 110
   TS-bad n=10 rel=[(0, 2), (0, 3), (0, 6), (0, 7), (0, 8), (0, 9), (1, 3), (1, 4), (1, 9), (2, 3), (2, 9), (3, 9), (5, 6), (5, 7), (5, 8), (5, 9), (6, 7), (6, 8), (6, 9), (7, 8)] L=[0, 1, 5, 2, 4, 6, 7, 8, 3, 9]
   TS-bad n=10 rel=[(0, 1), (0, 4), (0, 8), (0, 9), (1, 4), (1, 9), (2, 4), (2, 7), (2, 9), (3, 5), (3, 6), (3, 7), (3, 8), (3, 9), (4, 9), (5, 9), (6, 7), (8, 9)] L=[3, 0, 2, 1, 5, 4, 6, 8, 7, 9]
   TS-bad n=11 rel=[(0, 1), (0, 3), (0, 4), (0, 7), (0, 9), (0, 10), (1, 10), (2, 9), (2, 10), (3, 4), (3, 7), (4, 7), (5, 6), (5, 7), (5, 8), (6, 7), (6, 8), (9, 10)] L=[0, 5, 3, 6, 2, 1, 4, 8, 9, 7, 10]
