P=[(1, 1), (1, 2), (1, 4), (2, 3), (2, 7), (3, 4), (4, 5), (4, 8), (5, 6), (6, 7), (7, 8), (8, 8)]
  L=[(1, 1), (1, 2), (2, 3), (1, 4), (3, 4), (4, 5), (2, 7), (4, 8), (5, 6), (6, 7), (7, 8), (8, 8)]
  T1: 0.017543859649122806  T1+T2: 0.017543859649122806  T1+T2+T3: INFEASIBLE
P=[(1, 1), (1, 2), (1, 5), (2, 3), (2, 7), (3, 4), (4, 5), (5, 6), (5, 8), (6, 7), (7, 8), (8, 8)]
  L=[(1, 1), (1, 2), (2, 3), (3, 4), (1, 5), (2, 7), (4, 5), (5, 6), (5, 8), (6, 7), (7, 8), (8, 8)]
  T1: 0.017543859649122806  T1+T2: 0.017543859649122806  T1+T2+T3: 0.00980392156862745
P=[(1, 1), (1, 2), (2, 3), (2, 5), (3, 4), (4, 5), (5, 6), (5, 8), (6, 7), (7, 8), (8, 9), (9, 9)]
  L=[(1, 1), (1, 2), (2, 3), (3, 4), (2, 5), (4, 5), (5, 6), (5, 8), (6, 7), (7, 8), (8, 9), (9, 9)]
  T1: 0.047619047619047616  T1+T2: 0.047619047619047616  T1+T2+T3: 0.020833333333333332
P=[(1, 1), (1, 2), (1, 4), (2, 3), (2, 7), (3, 4), (4, 5), (4, 8), (5, 6), (6, 7), (7, 8), (8, 9), (9, 9)]
  L=[(1, 1), (1, 2), (2, 3), (1, 4), (3, 4), (4, 5), (2, 7), (4, 8), (5, 6), (6, 7), (7, 8), (8, 9), (9, 9)]
  T1: 0.017543859649122806  T1+T2: 0.017543859649122806  T1+T2+T3: INFEASIBLE
P=[(1, 1), (1, 2), (1, 4), (2, 3), (2, 8), (3, 4), (4, 5), (4, 9), (5, 6), (6, 7), (7, 8), (8, 9), (9, 9)]
  L=[(1, 1), (1, 2), (2, 3), (1, 4), (3, 4), (4, 5), (2, 8), (4, 9), (5, 6), (6, 7), (7, 8), (8, 9), (9, 9)]
  T1: 0.011904761904761904  T1+T2: 0.011904761904761904  T1+T2+T3: 0.011904761904761904
P=[(1, 1), (1, 2), (1, 5), (2, 3), (2, 6), (3, 4), (4, 5), (5, 6), (5, 8), (6, 7), (7, 8), (8, 9), (9, 9)]
  L=[(1, 1), (1, 2), (2, 3), (3, 4), (1, 5), (2, 6), (4, 5), (5, 6), (5, 8), (6, 7), (7, 8), (8, 9), (9, 9)]
  T1: 0.0  T1+T2: 0.0  T1+T2+T3: INFEASIBLE
P=[(1, 1), (1, 2), (1, 5), (2, 3), (2, 7), (3, 4), (4, 5), (5, 6), (5, 8), (6, 7), (7, 8), (8, 9), (9, 9)]
  L=[(1, 1), (1, 2), (2, 3), (3, 4), (1, 5), (2, 7), (4, 5), (5, 6), (5, 8), (6, 7), (7, 8), (8, 9), (9, 9)]
  T1: 0.017543859649122806  T1+T2: 0.017543859649122806  T1+T2+T3: 0.00980392156862745
P=[(1, 1), (1, 2), (1, 5), (2, 3), (2, 8), (3, 4), (4, 5), (4, 9), (5, 6), (6, 7), (7, 8), (8, 9), (9, 9)]
  L=[(1, 1), (1, 2), (2, 3), (1, 5), (3, 4), (4, 5), (5, 6), (2, 8), (4, 9), (6, 7), (7, 8), (8, 9), (9, 9)]
  T1: 0.010752688172043012  T1+T2: 0.010752688172043012  T1+T2+T3: INFEASIBLE
P=[(1, 1), (1, 2), (1, 5), (2, 3), (2, 8), (3, 4), (4, 5), (5, 6), (5, 8), (6, 7), (7, 8), (8, 9), (9, 9)]
  L=[(1, 1), (1, 2), (2, 3), (3, 4), (1, 5), (2, 8), (4, 5), (5, 6), (5, 8), (6, 7), (7, 8), (8, 9), (9, 9)]
  T1: 0.017543859649122806  T1+T2: 0.017543859649122806  T1+T2+T3: 0.00980392156862745
P=[(1, 1), (1, 2), (1, 5), (2, 3), (2, 8), (3, 4), (4, 5), (5, 6), (5, 9), (6, 7), (7, 8), (8, 9), (9, 9)]
  L=[(1, 1), (1, 2), (2, 3), (3, 4), (1, 5), (2, 8), (4, 5), (5, 6), (5, 9), (6, 7), (7, 8), (8, 9), (9, 9)]
  T1: 0.017543859649122806  T1+T2: 0.017543859649122806  T1+T2+T3: 0.00980392156862745
P=[(1, 1), (1, 2), (1, 5), (2, 3), (2, 8), (3, 4), (4, 5), (5, 6), (5, 9), (6, 7), (7, 8), (8, 9), (9, 9)]
  L=[(1, 1), (1, 2), (2, 3), (3, 4), (1, 5), (4, 5), (5, 6), (2, 8), (5, 9), (6, 7), (7, 8), (8, 9), (9, 9)]
  T1: 0.017543859649122806  T1+T2: 0.017543859649122806  T1+T2+T3: INFEASIBLE
P=[(1, 1), (1, 2), (1, 5), (2, 3), (2, 9), (3, 4), (4, 5), (5, 6), (5, 8), (6, 7), (7, 8), (8, 9), (9, 9)]
  L=[(1, 1), (1, 2), (2, 3), (3, 4), (1, 5), (2, 9), (4, 5), (5, 6), (5, 8), (6, 7), (7, 8), (8, 9), (9, 9)]
  T1: 0.017543859649122806  T1+T2: 0.017543859649122806  T1+T2+T3: 0.00980392156862745
P=[(1, 1), (1, 2), (1, 6), (2, 3), (2, 8), (3, 4), (4, 5), (5, 6), (5, 9), (6, 7), (7, 8), (8, 9), (9, 9)]
  L=[(1, 1), (1, 2), (2, 3), (3, 4), (1, 6), (2, 8), (4, 5), (5, 6), (6, 7), (5, 9), (7, 8), (8, 9), (9, 9)]
  T1: 0.010752688172043012  T1+T2: 0.010752688172043012  T1+T2+T3: 0.010752688172043012
P=[(1, 1), (1, 2), (1, 6), (2, 3), (2, 8), (3, 4), (4, 5), (5, 6), (6, 7), (6, 9), (7, 8), (8, 9), (9, 9)]
  L=[(1, 1), (1, 2), (2, 3), (3, 4), (4, 5), (1, 6), (2, 8), (5, 6), (6, 7), (6, 9), (7, 8), (8, 9), (9, 9)]
  T1: 0.011904761904761904  T1+T2: 0.011904761904761904  T1+T2+T3: 0.00546448087431694
P=[(1, 1), (1, 2), (1, 8), (2, 3), (2, 5), (3, 4), (4, 5), (5, 6), (5, 9), (6, 7), (7, 8), (8, 9), (9, 9)]
  L=[(1, 1), (1, 2), (2, 3), (3, 4), (2, 5), (4, 5), (5, 6), (1, 8), (5, 9), (6, 7), (7, 8), (8, 9), (9, 9)]
  T1: 0.017543859649122806  T1+T2: 0.017543859649122806  T1+T2+T3: INFEASIBLE
P=[(1, 1), (1, 2), (2, 3), (2, 5), (2, 8), (3, 4), (4, 5), (5, 6), (5, 9), (6, 7), (7, 8), (8, 9), (9, 9)]
  L=[(1, 1), (1, 2), (2, 3), (3, 4), (2, 5), (4, 5), (5, 6), (2, 8), (5, 9), (6, 7), (7, 8), (8, 9), (9, 9)]
  T1: 0.017543859649122806  T1+T2: 0.017543859649122806  T1+T2+T3: INFEASIBLE
P=[(1, 1), (1, 2), (2, 3), (2, 5), (3, 4), (3, 8), (4, 5), (5, 6), (5, 9), (6, 7), (7, 8), (8, 9), (9, 9)]
  L=[(1, 1), (1, 2), (2, 3), (3, 4), (2, 5), (4, 5), (5, 6), (3, 8), (5, 9), (6, 7), (7, 8), (8, 9), (9, 9)]
  T1: 0.017543859649122806  T1+T2: 0.017543859649122806  T1+T2+T3: INFEASIBLE
P=[(1, 1), (1, 2), (2, 3), (2, 5), (3, 4), (4, 5), (4, 8), (5, 6), (5, 9), (6, 7), (7, 8), (8, 9), (9, 9)]
  L=[(1, 1), (1, 2), (2, 3), (3, 4), (2, 5), (4, 5), (5, 6), (4, 8), (5, 9), (6, 7), (7, 8), (8, 9), (9, 9)]
  T1: 0.0  T1+T2: 0.0  T1+T2+T3: INFEASIBLE
P=[(1, 1), (1, 2), (2, 3), (2, 6), (3, 4), (3, 8), (4, 5), (5, 6), (6, 7), (6, 9), (7, 8), (8, 9), (9, 9)]
  L=[(1, 1), (1, 2), (2, 3), (3, 4), (4, 5), (2, 6), (3, 8), (5, 6), (6, 7), (6, 9), (7, 8), (8, 9), (9, 9)]
  T1: 0.017543859649122806  T1+T2: 0.017543859649122806  T1+T2+T3: 0.00980392156862745
P=[(1, 1), (1, 2), (2, 3), (2, 5), (3, 4), (4, 5), (5, 6), (5, 9), (6, 7), (7, 8), (8, 9), (9, 10), (10, 10)]
  L=[(1, 1), (1, 2), (2, 3), (3, 4), (2, 5), (4, 5), (5, 6), (5, 9), (6, 7), (7, 8), (8, 9), (9, 10), (10, 10)]
  T1: 0.047619047619047616  T1+T2: 0.047619047619047616  T1+T2+T3: 0.020833333333333332
P=[(1, 1), (1, 2), (2, 3), (2, 6), (3, 4), (4, 5), (5, 6), (5, 9), (6, 7), (7, 8), (8, 9), (9, 10), (10, 10)]
  L=[(1, 1), (1, 2), (2, 3), (3, 4), (2, 6), (4, 5), (5, 6), (6, 7), (5, 9), (7, 8), (8, 9), (9, 10), (10, 10)]
  T1: 0.047619047619047616  T1+T2: 0.047619047619047616  T1+T2+T3: 0.02564102564102564
P=[(1, 1), (1, 2), (2, 3), (2, 6), (3, 4), (4, 5), (5, 6), (6, 7), (6, 9), (7, 8), (8, 9), (9, 10), (10, 10)]
  L=[(1, 1), (1, 2), (2, 3), (3, 4), (4, 5), (2, 6), (5, 6), (6, 7), (6, 9), (7, 8), (8, 9), (9, 10), (10, 10)]
  T1: 0.047619047619047616  T1+T2: 0.047619047619047616  T1+T2+T3: 0.020833333333333332
SUMMARY refuted/total per tool set: {'T1': '2/22', 'T1+T2': '2/22', 'T1+T2+T3': '9/22'}
