it 22: slack -0.02724 n=10 P=[(1, 1), (1, 1), (1, 2), (2, 4), (3, 3), (3, 3), (3, 5), (4, 4), (4, 5), (5, 5)] a=(3, 3) a'=(2, 4) s=(4, 4) t=(4, 5)
it 186: slack -0.02403 n=12 P=[(1, 1), (1, 4), (1, 6), (2, 2), (2, 2), (2, 3), (2, 3), (3, 4), (4, 4), (4, 6), (5, 5), (6, 6)] a=(2, 3) a'=(1, 6) s=(4, 4) t=(4, 6)
it 252: slack -0.01494 n=11 P=[(1, 1), (1, 1), (1, 2), (1, 4), (2, 4), (2, 4), (3, 3), (4, 4), (4, 5), (5, 5), (5, 5)] a=(3, 3) a'=(2, 4) s=(4, 4) t=(4, 5)
it 260: slack -0.01149 n=11 P=[(1, 1), (1, 1), (1, 2), (1, 4), (2, 4), (3, 3), (4, 4), (4, 5), (5, 5), (5, 5), (6, 6)] a=(3, 3) a'=(2, 4) s=(4, 4) t=(4, 5)
it 271: slack -0.00753 n=11 P=[(1, 1), (1, 1), (1, 2), (1, 4), (2, 4), (3, 3), (4, 4), (4, 5), (5, 5), (5, 6), (6, 6)] a=(3, 3) a'=(2, 4) s=(4, 4) t=(4, 5)
it 1932: slack -0.00410 n=12 P=[(1, 1), (1, 3), (1, 5), (2, 2), (3, 5), (3, 5), (4, 4), (4, 6), (5, 5), (5, 6), (6, 6), (6, 6)] a=(4, 4) a'=(3, 5) s=(5, 5) t=(5, 6)
it 1940: slack -0.00281 n=11 P=[(1, 1), (1, 3), (1, 5), (2, 2), (3, 5), (4, 4), (4, 6), (5, 5), (5, 6), (6, 6), (6, 6)] a=(4, 4) a'=(3, 5) s=(5, 5) t=(5, 6)
it 1965: slack -0.00162 n=11 P=[(1, 1), (1, 1), (1, 2), (2, 4), (3, 3), (3, 4), (4, 4), (4, 5), (5, 5), (5, 5), (6, 6)] a=(3, 3) a'=(2, 4) s=(4, 4) t=(4, 5)
it 2013: slack -0.00008 n=12 P=[(1, 1), (1, 1), (1, 2), (1, 4), (1, 4), (2, 4), (3, 3), (3, 6), (4, 4), (4, 6), (5, 5), (6, 6)] a=(3, 3) a'=(2, 4) s=(4, 4) t=(4, 6)
BEST -8.250825082508251e-05 [(1, 1), (1, 1), (1, 2), (1, 4), (1, 4), (2, 4), (3, 3), (3, 6), (4, 4), (4, 6), (5, 5), (6, 6)] ((3, 3), (2, 4), (4, 4), (4, 6))
