census n=9 (posets with a K-bad dominance L): 2 posets, 2 K-bad dominance L; killed by {'TS': 2}; posets with a surviving L: 0
census n=10 (posets with a K-bad dominance L): 24 posets, 29 K-bad dominance L; killed by {'3.1*': 1, 'TS': 28}; posets with a surviving L: 0
staircase + 1..3 long, n=10..13 (posets with a K-bad L): 547 posets, 2527 K-bad dominance L; killed by {'2.1*': 38, '3.1*': 93, 'SURVIVES': 22, 'TS': 2374}; posets with a surviving L: 21
   SURVIVOR P=[(1, 1), (1, 2), (1, 4), (2, 3), (2, 7), (3, 4), (4, 5), (4, 8), (5, 6), (6, 7), (7, 8), (8, 8)]
            L=[(1, 1), (1, 2), (2, 3), (1, 4), (3, 4), (4, 5), (2, 7), (4, 8), (5, 6), (6, 7), (7, 8), (8, 8)]
   SURVIVOR P=[(1, 1), (1, 2), (1, 5), (2, 3), (2, 7), (3, 4), (4, 5), (5, 6), (5, 8), (6, 7), (7, 8), (8, 8)]
            L=[(1, 1), (1, 2), (2, 3), (3, 4), (1, 5), (2, 7), (4, 5), (5, 6), (5, 8), (6, 7), (7, 8), (8, 8)]
   SURVIVOR P=[(1, 1), (1, 2), (2, 3), (2, 5), (3, 4), (4, 5), (5, 6), (5, 8), (6, 7), (7, 8), (8, 9), (9, 9)]
            L=[(1, 1), (1, 2), (2, 3), (3, 4), (2, 5), (4, 5), (5, 6), (5, 8), (6, 7), (7, 8), (8, 9), (9, 9)]
   SURVIVOR P=[(1, 1), (1, 2), (1, 4), (2, 3), (2, 7), (3, 4), (4, 5), (4, 8), (5, 6), (6, 7), (7, 8), (8, 9), (9, 9)]
            L=[(1, 1), (1, 2), (2, 3), (1, 4), (3, 4), (4, 5), (2, 7), (4, 8), (5, 6), (6, 7), (7, 8), (8, 9), (9, 9)]
